% rg_enmzi = [55 80 22.5 30; ...
%             55 80 35 42.5;
%             105 130 25 32.5; ...
%             105 130 37.5 45; ...
%             80 105 55 62.5];
% sg_enmzi = [-1 1 -1 1 -1];
% rg_enmzi = [110 135 25 32.5; ...
%             100 125 37.5 45; ...
%             90 115 55 62.5];
% sg_enmzi = [-1 1 -1];
rg_enmzi = [115. 140. 30. 35.; ...
            105. 130. 40. 45.; ...
            85. 110. 55. 60.];
rg_enmzi(:,:,2) = [115 140 27.5 32.5; ...
            100 125 37.5 42.5; ...
            90 115 52.5 57.5];
rg_enmzi(:,:,3) = [110 135 30 35; ...
            110 135 42.5 47.5; ...
            85 110 55 60];
sg_enmzi = [-1 1 -1];
lv_enmzi = 200;